[0.0001875 0.0001875]
[0.0001875 0.0001875]
[-0.00019531  0.00049219]
[0.0001582  0.00017383]
[0.00027686 0.0008042 ]
[0.00027686 0.0008042 ]
[-0.00019904  0.00118524]
[0.0005638  0.00109566]
[0.0005638  0.00109566]
[0.0006115  0.00234894]
[0.00029851 0.00311931]
[0.00029851 0.00311931]
[0.00154724 0.00377558]
[0.00147732 0.00694176]
[0.00147732 0.00694176]
[0.0016289  0.00903743]
[0.00406159 0.0131046 ]
[0.00406159 0.0131046 ]
[0.00437157 0.02007877]
[0.00670366 0.02812039]
[0.00670366 0.02812039]
[0.01123178 0.03978899]
[0.01411758 0.06116191]
[0.01411758 0.06116191]
[0.02084154 0.08382281]
[0.03273231 0.12637216]
[0.03273231 0.12637216]
[0.04282003 0.18003067]
[0.06676893 0.26427883]
[0.06676893 0.26427883]
[0.09527813 0.37562737]
[0.13727936 0.5603135 ]
[0.13727936 0.5603135 ]
[0.1982576 0.7859962]
[0.29425266 1.1770072 ]
[0.29425266 1.1770072 ]
[0.41024977 1.6597683 ]
[0.6195634 2.4680312]
[0.6195634 2.4680312]
[0.6768685 2.7140276]
[0.6768685 2.7140276]
[0.6768685 2.7140276]
[0.6768685 2.7140276]
[0.6768685 2.7140276]
[0.6768685 2.7140276]
[0.72503746 2.9050922 ]
[0.72503746 2.9050922 ]
[0.71565455 2.8657663 ]
[0.71565455 2.8657663 ]
[0.71565455 2.8657663 ]
[0.71565455 2.8657663 ]
[0.71565455 2.8657663 ]
[0.7097576 2.843391 ]
[0.7097576 2.843391 ]
[0.7097576 2.843391 ]
[0.7097576 2.843391 ]
[0.7097576 2.843391 ]
[0.70814276 2.834102  ]
[0.70814276 2.834102  ]
[0.70814276 2.834102  ]
[0.70814276 2.834102  ]
[0.70814276 2.834102  ]
[0.70892614 2.8359637 ]
[0.70892614 2.8359637 ]
[0.70892614 2.8359637 ]
[0.70892614 2.8359637 ]
[0.70447963 2.8162122 ]
[0.71200496 2.8422158 ]
[0.71200496 2.8422158 ]
[0.7139336 2.8484268]
[0.7087247 2.8204658]
[0.7087247 2.8204658]
[0.7087247 2.8204658]
[0.7195 2.8501]
[0.71981764 2.8389328 ]
[0.71981764 2.8389328 ]
[0.71409065 2.7987525 ]
[0.7313875 2.8365562]
[0.7313875 2.8365562]
[0.73980826 2.820708  ]
[0.7385806 2.760237 ]
[0.76840216 2.8117106 ]
[0.79563075 2.832336  ]
[0.8190414 2.7456312]
[0.8616246 2.72102  ]
[0.9563629 2.8125494]
[1.0376905 2.7102308]
[1.0376905 2.7102308]
[1.2849725 2.6883726]
[1.5173169 2.7131095]
[1.5173169 2.7131095]
[1.9098957 2.689898 ]
[2.0606477 2.6227078]
[2.0606477 2.6227078]
[2.0606477 2.6227078]
[2.0606477 2.6227078]
[2.027723  2.6313353]
[2.027723  2.6313353]
[2.027723  2.6313353]
[1.9975476 2.5322115]
[1.9975476 2.5322115]
[1.9975476 2.5322115]
[1.9975476 2.5322115]
[1.9975476 2.5322115]
[2.2717466 2.3369083]
[2.2717466 2.3369083]
[2.2717466 2.3369083]
[2.2717466 2.3369083]
[2.2717466 2.3369083]
[2.2717466 2.3369083]
[2.3340602 2.1853948]
[2.3340602 2.1853948]
[2.3340602 2.1853948]
[2.433999  2.1077774]
[2.5303485 1.9037704]
[2.4696095 1.8059866]
[2.4696095 1.8059866]
[2.4696095 1.8059866]
[2.5679772 1.6576535]
[2.5679772 1.6576535]
[2.5201395 1.674682 ]
[2.5201395 1.674682 ]
[2.5201395 1.674682 ]
[2.5201395 1.674682 ]
[2.5201395 1.674682 ]
[2.5201395 1.674682 ]
[2.5201395 1.674682 ]
[2.5201395 1.674682 ]
[2.5201395 1.674682 ]
[2.5201395 1.674682 ]
[2.5201395 1.674682 ]
[2.5237296 1.6582158]
[2.5237296 1.6582158]
[2.5237296 1.6582158]
[2.5237296 1.6582158]
[2.5237296 1.6582158]
[2.5237296 1.6582158]
[2.5388346 1.6587977]
[2.5388346 1.6587977]
[2.5388346 1.6587977]
[2.5388346 1.6587977]
[2.5362597 1.6740884]
[2.5323904 1.7209975]
[2.5377524 1.6394831]
[2.5377524 1.6394831]
[2.5195942 1.7098912]
[2.5122445 1.7061621]
[2.5299225 1.7449071]
[2.5098543 1.6583377]
[2.4782069 1.8355076]
[2.4834828 1.7889036]
[2.4834828 1.7889036]
[2.4101796 1.8279966]
[2.37556   2.1283798]
[2.3618698 1.9936942]
[2.3618698 1.9936942]
[2.3618698 1.9936942]
[2.3618698 1.9936942]
[2.1427052 2.2270129]
[2.1427052 2.2270129]
[2.1427052 2.2270129]
[2.1427052 2.2270129]
[2.1608343 2.0720801]
[1.7940192 2.577566 ]
[1.7940192 2.577566 ]
[1.7940192 2.577566 ]
[1.5183184 2.6221628]
[1.5183184 2.6221628]
[1.5183184 2.6221628]
[1.5183184 2.6221628]
[1.4443094 2.7979493]
[1.244185  2.8505971]
[1.244185  2.8505971]
[0.8842769 2.850038 ]
[0.8842769 2.850038 ]
[0.8842769 2.850038 ]
[0.8321071 2.6957939]
[0.8321071 2.6957939]
[0.8321071 2.6957939]
[0.8321071 2.6957939]
[0.8321071 2.6957939]
[0.32773238 2.5950158 ]
[0.60845065 2.4758494 ]
[0.60845065 2.4758494 ]
[0.60845065 2.4758494 ]
[0.60845065 2.4758494 ]
[0.60845065 2.4758494 ]
[0.60845065 2.4758494 ]
[0.60845065 2.4758494 ]
[0.4160148 2.239901 ]
[0.4160148 2.239901 ]
[0.58653265 2.3018816 ]
[0.58653265 2.3018816 ]
[0.58653265 2.3018816 ]
[0.6567948 2.014033 ]
[0.6567948 2.014033 ]
[0.54997534 1.8555104 ]
[0.54997534 1.8555104 ]
[0.54997534 1.8555104 ]
[0.6682678 1.5343726]
[0.8274557 1.3228347]
[0.8274557 1.3228347]
[0.8274557 1.3228347]
[0.8274557 1.3228347]
[0.89583784 1.3281121 ]
[0.89583784 1.3281121 ]
[0.8204028  0.94174606]
[1.429741  1.0178256]
[1.1146376  0.85298663]
[1.7190543  0.97758514]
[1.7190543  0.97758514]
[1.805866  0.8098858]
[1.713078 0.585883]
[1.713078 0.585883]
[1.713078 0.585883]
[1.713078 0.585883]
[1.713078 0.585883]
[1.713078 0.585883]
[1.713078 0.585883]
[1.713078 0.585883]
[1.6296487 0.6289557]
[1.6204933 0.374965 ]
[1.6204933 0.374965 ]
[1.3959645  0.49438873]
[1.3959645  0.49438873]
[1.3959645  0.49438873]
[1.3959645  0.49438873]
[1.4775236  0.47801164]
[1.2624786  0.80157536]
[1.2624786  0.80157536]
[1.2624786  0.80157536]
[1.0851357  0.91592264]
[0.91099226 1.010744  ]
[0.91099226 1.010744  ]
[0.91099226 1.010744  ]
[0.91099226 1.010744  ]
[0.91099226 1.010744  ]
[0.91099226 1.010744  ]
[0.91099226 1.010744  ]
[0.88827014 0.9844547 ]
[0.88827014 0.9844547 ]
[0.88827014 0.9844547 ]
[0.88827014 0.9844547 ]
[0.88827014 0.9844547 ]
[0.88827014 0.9844547 ]
[0.933605  0.9815616]
[0.933605  0.9815616]
[0.933605  0.9815616]
[0.933605  0.9815616]
[0.90603185 0.9862659 ]
[0.90603185 0.9862659 ]
[0.90603185 0.9862659 ]
[0.90603185 0.9862659 ]
[0.90603185 0.9862659 ]
[0.90603185 0.9862659 ]
[0.90603185 0.9862659 ]
[0.88282204 0.997613  ]
[0.8824662 0.9939585]
[0.8824662 0.9939585]
[0.8824662 0.9939585]
[0.87925273 0.99383044]
[0.85126173 1.004526  ]
[0.85126173 1.004526  ]
[0.85126173 1.004526  ]
[0.85002106 1.0020298 ]
[0.85002106 1.0020298 ]
[0.85002106 1.0020298 ]
[0.84603703 1.003989  ]
[0.84603703 1.003989  ]
[0.84603703 1.003989  ]
[0.8440797 1.0050235]
[0.8440797 1.0050235]
[0.8440797 1.0050235]
[0.8440797 1.0050235]
[0.8440797 1.0050235]
[0.8440797 1.0050235]
[0.8440797 1.0050235]
[0.842215 1.006146]
[0.842215 1.006146]
[0.842215 1.006146]
[0.842215 1.006146]
[0.842215 1.006146]
[0.842215 1.006146]
[0.842215 1.006146]
[0.842215 1.006146]
[0.842215 1.006146]
[0.842215 1.006146]
[0.8417441 1.006492 ]
[0.8417441 1.006492 ]
[0.8417441 1.006492 ]
[0.8417441 1.006492 ]
[0.8417441 1.006492 ]
[0.8417441 1.006492 ]
[0.8417441 1.006492 ]
[0.84176767 1.0063645 ]
[0.84176767 1.0063645 ]
[0.84176767 1.0063645 ]
[0.84176767 1.0063645 ]
[0.84176767 1.0063645 ]
[0.84176767 1.0063645 ]
[0.84176767 1.0063645 ]
[0.84176767 1.0063645 ]
[0.84176767 1.0063645 ]
[0.84163505 1.006449  ]
[0.84163505 1.006449  ]
[0.8416527 1.006422 ]
[0.8416527 1.006422 ]
[0.8416527 1.006422 ]
[0.8416527 1.006422 ]
[0.84163827 1.0064279 ]
[0.84163827 1.0064279 ]
[0.84163827 1.0064279 ]
[0.84163827 1.0064279 ]
[0.84163827 1.0064279 ]
[0.84163827 1.0064279 ]
[0.84163827 1.0064279 ]
[0.84166783 1.0063971 ]
[0.84166783 1.0063971 ]
[0.84166783 1.0063971 ]
[0.84166783 1.0063971 ]
