[0.0001875 0.0001875]
[0.0001875 0.0001875]
[2.343750e-05 4.921875e-04]
[4.1015624e-05 8.6132815e-04]
[7.1777344e-05 8.1982423e-04]
[7.1777344e-05 8.1982423e-04]
[-3.4240722e-05  1.9762574e-03]
[0.00025063 0.00247993]
[0.00025063 0.00247993]
[-0.00022352  0.00372681]
[4.768896e-05 6.190738e-03]
[4.768896e-05 6.190738e-03]
[-0.00031612  0.00879651]
[-0.00071819  0.01308911]
[-0.00071819  0.01308911]
[-0.0012717   0.02009503]
[-0.00195122  0.02884425]
[-0.00195122  0.02884425]
[-0.00392293  0.04208069]
[-0.005227    0.06362014]
[-0.005227    0.06362014]
[-0.0087097   0.08963628]
[-0.01335344  0.13496415]
[-0.01335344  0.13496415]
[-0.01939339  0.19269636]
[-0.02986059  0.28532943]
[-0.02986059  0.28532943]
[-0.04391968  0.40659273]
[-0.06472996  0.60597813]
[-0.06472996  0.60597813]
[-0.09457301  0.8553233 ]
[-0.14087039  1.2786734 ]
[-0.14087039  1.2786734 ]
[-0.20037699  1.8059686 ]
[-0.30111793  2.6897697 ]
[-0.30111793  2.6897697 ]
[-0.4270207  3.803425 ]
[-0.6364594  5.664314 ]
[-0.6364594  5.664314 ]
[-0.70144653  6.217859  ]
[-0.70144653  6.217859  ]
[-0.70144653  6.217859  ]
[-0.70144653  6.217859  ]
[-0.70144653  6.217859  ]
[-0.70144653  6.217859  ]
[-0.75003475  6.661173  ]
[-0.75003475  6.661173  ]
[-0.73976594  6.569641  ]
[-0.73976594  6.569641  ]
[-0.73976594  6.569641  ]
[-0.73976594  6.569641  ]
[-0.73976594  6.569641  ]
[-0.7340914  6.518758 ]
[-0.7340914  6.518758 ]
[-0.7340914  6.518758 ]
[-0.7340914  6.518758 ]
[-0.7340914  6.518758 ]
[-0.73201096  6.4980974 ]
[-0.73201096  6.4980974 ]
[-0.73201096  6.4980974 ]
[-0.73201096  6.4980974 ]
[-0.73201096  6.4980974 ]
[-0.73233765  6.5028343 ]
[-0.73233765  6.5028343 ]
[-0.73233765  6.5028343 ]
[-0.73233765  6.5028343 ]
[-0.72721875  6.45839   ]
[-0.73427594  6.5201974 ]
[-0.73427594  6.5201974 ]
[-0.73536575  6.5349917 ]
[-0.7285307  6.4739976]
[-0.7285307  6.4739976]
[-0.7285307  6.4739976]
[-0.73564583  6.5481505 ]
[-0.7336762  6.52843  ]
[-0.7336762  6.52843  ]
[-0.7226812  6.443722 ]
[-0.7323817  6.5447354]
[-0.7323817  6.5447354]
[-0.7288091  6.531628 ]
[-0.7123148  6.417176 ]
[-0.72652996  6.5666823 ]
[-0.73032486  6.654575  ]
[-0.70872056  6.5380745 ]
[-0.7007994  6.5691247]
[-0.72515154  6.9119906 ]
[-0.6956874  6.8719587]
[-0.6956874  6.8719587]
[-0.6874286  7.2819066]
[-0.6932427  7.754392 ]
[-0.6932427  7.754392 ]
[-0.67915124  8.427423  ]
[-0.6619514  8.578721 ]
[-0.6619514  8.578721 ]
[-0.6619514  8.578721 ]
[-0.6619514  8.578721 ]
[-0.66433287  8.535689  ]
[-0.66433287  8.535689  ]
[-0.66433287  8.535689  ]
[-0.64260596  8.298161  ]
[-0.64260596  8.298161  ]
[-0.64260596  8.298161  ]
[-0.64260596  8.298161  ]
[-0.64260596  8.298161  ]
[-0.59392685  8.440619  ]
[-0.59392685  8.440619  ]
[-0.59392685  8.440619  ]
[-0.59392685  8.440619  ]
[-0.59392685  8.440619  ]
[-0.59392685  8.440619  ]
[-0.55825585  8.275133  ]
[-0.55825585  8.275133  ]
[-0.55825585  8.275133  ]
[-0.53942394  8.316055  ]
[-0.49175885  8.115525  ]
[-0.46978897  7.8253293 ]
[-0.46978897  7.8253293 ]
[-0.46978897  7.8253293 ]
[-0.4345221  7.7311544]
[-0.4345221  7.7311544]
[-0.43856898  7.676132  ]
[-0.43856898  7.676132  ]
[-0.43856898  7.676132  ]
[-0.43856898  7.676132  ]
[-0.43856898  7.676132  ]
[-0.43856898  7.676132  ]
[-0.43856898  7.676132  ]
[-0.43856898  7.676132  ]
[-0.43856898  7.676132  ]
[-0.43856898  7.676132  ]
[-0.43856898  7.676132  ]
[-0.4342808  7.6529174]
[-0.4342808  7.6529174]
[-0.4342808  7.6529174]
[-0.4342808  7.6529174]
[-0.4342808  7.6529174]
[-0.4342808  7.6529174]
[-0.43344733  7.682649  ]
[-0.43344733  7.682649  ]
[-0.43344733  7.682649  ]
[-0.43344733  7.682649  ]
[-0.43689612  7.706055  ]
[-0.4463063  7.7873874]
[-0.42773342  7.6468654 ]
[-0.42773342  7.6468654 ]
[-0.4428987  7.7448545]
[-0.44050303  7.727142  ]
[-0.4471704  7.833229 ]
[-0.42611656  7.6392927 ]
[-0.4620497  7.914657 ]
[-0.4460824  7.8460317]
[-0.4460824  7.8460317]
[-0.44400057  7.8006263 ]
[-0.4995213  8.309499 ]
[-0.4557587  8.054901 ]
[-0.4557587  8.054901 ]
[-0.4557587  8.054901 ]
[-0.4557587  8.054901 ]
[-0.45056012  8.17026   ]
[-0.45056012  8.17026   ]
[-0.45056012  8.17026   ]
[-0.45056012  8.17026   ]
[-0.3943461  7.9467835]
[-0.4163599  8.344921 ]
[-0.4163599  8.344921 ]
[-0.4163599  8.344921 ]
[-0.29650092  8.110622  ]
[-0.29650092  8.110622  ]
[-0.29650092  8.110622  ]
[-0.29650092  8.110622  ]
[-0.32408318  8.31768   ]
[-0.21803455  8.218082  ]
[-0.21803455  8.218082  ]
[-0.06274715  7.783214  ]
[-0.06274715  7.783214  ]
[-0.06274715  7.783214  ]
[0.05532223 7.520763  ]
[0.05532223 7.520763  ]
[0.05532223 7.520763  ]
[0.05532223 7.520763  ]
[0.05532223 7.520763  ]
[0.3448011 6.795771 ]
[0.29910874 6.9815984 ]
[0.29910874 6.9815984 ]
[0.29910874 6.9815984 ]
[0.29910874 6.9815984 ]
[0.29910874 6.9815984 ]
[0.29910874 6.9815984 ]
[0.29910874 6.9815984 ]
[0.52033573 6.4329295 ]
[0.52033573 6.4329295 ]
[0.46487087 6.7977195 ]
[0.46487087 6.7977195 ]
[0.46487087 6.7977195 ]
[0.61132103 6.507069  ]
[0.61132103 6.507069  ]
[0.85593915 6.313379  ]
[0.85593915 6.313379  ]
[0.85593915 6.313379  ]
[1.116269 6.196522]
[1.3439478 6.3454905]
[1.3439478 6.3454905]
[1.3439478 6.3454905]
[1.3439478 6.3454905]
[1.4832687 6.6748104]
[1.4832687 6.6748104]
[1.8879979 6.269243 ]
[1.6546968 7.2088223]
[1.9837468 6.742606 ]
[1.9984316 8.124977 ]
[1.9984316 8.124977 ]
[2.024517  7.9557858]
[2.4882348 7.951869 ]
[2.4882348 7.951869 ]
[2.4882348 7.951869 ]
[2.4882348 7.951869 ]
[2.4882348 7.951869 ]
[2.4882348 7.951869 ]
[2.4882348 7.951869 ]
[2.4882348 7.951869 ]
[2.716048 8.212448]
[2.9747217 8.008456 ]
[2.9747217 8.008456 ]
[3.0199008 7.9235997]
[3.0199008 7.9235997]
[3.0199008 7.9235997]
[3.0199008 7.9235997]
[3.0227761 8.039797 ]
[2.7869911 8.020708 ]
[2.7869911 8.020708 ]
[2.7869911 8.020708 ]
[2.9564197 8.183949 ]
[2.9415267 8.053045 ]
[2.9415267 8.053045 ]
[2.9415267 8.053045 ]
[2.9415267 8.053045 ]
[2.9415267 8.053045 ]
[2.9415267 8.053045 ]
[2.9415267 8.053045 ]
[2.9668796 7.990578 ]
[2.9668796 7.990578 ]
[2.9668796 7.990578 ]
[2.9668796 7.990578 ]
[2.9668796 7.990578 ]
[2.9668796 7.990578 ]
[2.9179146 7.997872 ]
[2.9179146 7.997872 ]
[2.9179146 7.997872 ]
[2.9179146 7.997872 ]
[2.9525256 8.0065565]
[2.9525256 8.0065565]
[2.9525256 8.0065565]
[2.9525256 8.0065565]
[2.9525256 8.0065565]
[2.9525256 8.0065565]
[2.9525256 8.0065565]
[2.9644694 8.005783 ]
[2.9667182 8.000398 ]
[2.9667182 8.000398 ]
[2.9667182 8.000398 ]
[2.9709537 8.000221 ]
[2.9904451 7.999951 ]
[2.9904451 7.999951 ]
[2.9904451 7.999951 ]
[2.9968517 8.001266 ]
[2.9968517 8.001266 ]
[2.9968517 8.001266 ]
[2.9986382 8.000795 ]
[2.9986382 8.000795 ]
[2.9986382 8.000795 ]
[2.9989946 7.9999857]
[2.9989946 7.9999857]
[2.9989946 7.9999857]
[2.9989946 7.9999857]
[2.9989946 7.9999857]
[2.9989946 7.9999857]
[2.9989946 7.9999857]
[2.9996731 7.9999895]
[2.9996731 7.9999895]
[2.9996731 7.9999895]
[2.9996731 7.9999895]
[2.9996731 7.9999895]
[2.9996731 7.9999895]
[2.9996731 7.9999895]
[2.9996731 7.9999895]
[2.9996731 7.9999895]
[2.9996731 7.9999895]
[2.9998026 8.000067 ]
[2.9998026 8.000067 ]
[2.9998026 8.000067 ]
[2.9998026 8.000067 ]
[2.9998026 8.000067 ]
[2.9998026 8.000067 ]
[2.9998026 8.000067 ]
[2.9999304 8.000012 ]
[2.9999304 8.000012 ]
[2.9999304 8.000012 ]
[2.9999304 8.000012 ]
[2.9999304 8.000012 ]
[2.9999304 8.000012 ]
[2.9999304 8.000012 ]
[2.9999304 8.000012 ]
[2.9999304 8.000012 ]
[2.999969 8.00001 ]
[2.999969 8.00001 ]
[2.9999888 8.0000105]
[2.9999888 8.0000105]
[2.9999888 8.0000105]
[2.9999888 8.0000105]
[2.9999917 8.000002 ]
[2.9999917 8.000002 ]
[2.9999917 8.000002 ]
[2.9999917 8.000002 ]
[2.9999917 8.000002 ]
[2.9999917 8.000002 ]
[2.9999917 8.000002 ]
[3. 8.]
[3. 8.]
[3. 8.]
[3. 8.]
