[0.000375 0.000375]
[6.249995e-05 9.375000e-04]
[0.00065625 0.00146875]
[0.00032812 0.00285937]
[0.00135156 0.00461719]
[0.00120703 0.00827734]
[0.00318164 0.01362305]
[0.00387988 0.02361621]
[0.00817822 0.0393042 ]
[0.01172387 0.06713451]
[0.02209337 0.11242566]
[0.03436943 0.19073185]
[0.06124646 0.32046723]
[0.09923709 0.54194736]
[0.17198648 0.9121582 ]
[0.28434247 1.5402241 ]
[0.48601925 2.5946789 ]
[0.59837526 3.2227447 ]
[0.59837526 3.2227447 ]
[0.59837526 3.2227447 ]
[0.59837526 3.2227447 ]
[0.58609915 3.1444385 ]
[0.58609915 3.1444385 ]
[0.5955154 3.173222 ]
[0.5955154 3.173222 ]
[0.5938325 3.127297 ]
[0.62034476 3.2423248 ]
[0.6302352 3.2079887]
[0.6302352 3.2079887]
[0.6897845 3.3118582]
[0.66653466 3.1337366 ]
[0.7740083 3.2524147]
[0.78124523 2.955511  ]
[0.99981093 3.0444155 ]
[1.1235676 2.49506  ]
[1.6225772 2.3981915]
[1.6225772 2.3981915]
[1.6225772 2.3981915]
[1.840147  1.9619577]
[1.9883528 1.9660211]
[1.9883528 1.9660211]
[1.9883528 1.9660211]
[1.9883528 1.9660211]
[1.9751989 2.0347538]
[1.9751989 2.0347538]
[1.9664619 2.0025587]
[2.0277176 1.9938738]
[1.9861443 2.016485 ]
[1.9866964 2.003869 ]
[1.9866964 2.003869 ]
[2.002252  1.9961785]
[2.0007715 2.0010247]
[2.0007715 2.0010247]
[1.999845  1.9986544]
[1.9972062 2.0005374]
[1.9996486 2.0003104]
[1.9996486 2.0003104]
[1.9996486 2.0003104]
[1.9996486 2.0003104]
[1.9996486 2.0003104]
[2.0000172 1.9998286]
[2.0002515 1.9998612]
[1.9998915 2.0000777]
[1.9998915 2.0000777]
[2.0001097 1.9999248]
[2.0001097 1.9999248]
